0
0.803704
0.478559
0.341549
0.262093
0.215616
0.184513
0.157786
0.140263
0.126054
0.116245
0.110129
0.1039
0.0983359
0.093633
0.0895441
0.0857516
0.0823736
0.0789726
0.0761597
0.0741234
0.0712457
0.0690222
0.0666006
0.0643062
0.0619583
0.0600858
0.0583853
0.0568009
0.0558751
0.0546562
0.0536327
0.0522241
0.0512102
0.0502874
0.0491253
0.0478136
0.0465764
0.0455489
0.0444585
0.0436719
0.0428468
0.0418836
0.041053
0.0406236
0.0397727
0.0391771
0.0392304
0.0389089
0.038048
0.0375955
0.0369963
0.036419
0.0359351
0.035755
0.0353393
0.0349288
0.0344671
0.0342484
0.0337802
0.0338202
0.0333761
0.0329364
0.0324919
0.032274
0.0320622
0.0318283
0.0317198
0.0314104
0.0311397
0.030838
0.030491
0.0302717
0.0301157
0.0298443
0.0294743
0.0291629
0.0291269
0.0289468
0.0286217
0.0284607
0.028221
0.0281653
0.0279747
0.0279957
0.0277375
0.0275527
0.0274725
0.0273421
0.0271086
0.0268476
0.0266848
0.0268019
0.0267479
0.0266705
0.0267538
0.0266532
0.0264477
0.026355
0.026178
0.0260639
0.0258953
0.0257951
0.0257493
0.025822
0.025657
0.0258108
0.025791
0.0257807
0.025759
0.0257719
0.0258413
0.0257272
0.0257438
0.0256828
0.0256131
0.0255614
0.0254518
0.0253904
0.0252128
0.025113
0.0250997
0.0249405
0.0248439
0.0247886
0.0247879
0.0246838
0.0245412
0.0245799
0.0245412
0.0245308
0.0246015
0.0246367
0.0244923
0.024333
0.0243175
0.0242793
0.0242615
0.024241
0.024305
0.024346
0.0243128
0.0241917
0.0240572
0.0239348
0.0239985
0.023933
0.0239636
0.0240905
0.024041
0.0238885
0.0238104
0.0238061
0.0237665
0.0236572
0.0235807
0.0236751
