0
0.895089
0.696175
0.633431
0.59529
0.558252
0.543885
0.524226
0.508656
0.497317
0.492227
0.491739
0.487771
0.486767
0.483888
0.478845
0.475344
0.471527
0.468373
0.465676
0.463871
0.460474
0.455955
0.454768
0.452505
0.451193
0.448287
0.446442
0.445146
0.444694
0.443451
0.442723
0.442119
0.441214
0.439757
0.438121
0.437074
0.436079
0.434726
0.434831
0.435084
0.434567
0.433812
0.433156
0.432321
0.432192
0.431573
0.431271
0.430692
0.430897
0.430445
0.431496
0.430989
0.43088
0.429696
0.429543
0.428769
