0.828125
0.811908
0.813467
0.816271
0.818723
0.822745
0.824
0.818182
0.817725
0.814282
0.796905
0.781056
0.770207
0.760952
0.752182
0.744964
0.740747
0.736631
0.734142
0.730004
0.719052
0.710846
0.701496
0.694623
0.686553
0.678458
0.672774
0.666066
0.661808
0.656685
0.647402
0.640157
0.632241
0.624677
0.618529
0.611658
0.606349
0.60102
0.595938
0.590695
0.584148
0.576546
0.570062
0.563386
0.558452
0.552732
0.547471
0.5421
0.536965
0.532027
0.526582
0.520294
0.515636
0.509884
0.504827
0.49981
0.495602
0.491379
0.487651
0.484002
0.478986
0.474992
0.470814
0.466307
0.461605
0.457252
0.452649
0.448354
0.444868
0.441469
0.437819
0.433708
0.43003
0.426671
0.422972
0.419523
0.416203
0.412871
0.410027
0.406886
0.403954
0.401272
0.398794
0.395973
0.393674
0.390674
0.387936
0.385398
0.383053
0.380819
0.378687
0.37676
0.375004
0.373143
0.371304
0.369683
0.368334
0.366857
0.365256
0.363885
0.362837
0.361407
0.360283
0.359263
0.357764
0.356634
0.355492
0.354526
0.353179
0.352693
0.351305
0.350294
0.3499
0.348853
0.348427
0.347562
0.346543
0.346028
0.344788
0.344035
0.343241
0.342509
0.341592
0.340703
0.340267
0.339518
0.338777
0.33824
0.337653
0.33698
0.336249
0.335644
0.33522
0.334454
0.333929
0.333613
0.332992
0.332392
0.331712
0.331294
0.330667
0.330213
0.329615
0.32872
0.328015
0.327894
