0
0.355769
0.262136
0.224615
0.197183
0.178908
0.177743
0.166895
0.163876
0.164021
0.158594
0.154529
0.151591
0.148819
0.147651
0.14386
0.144772
0.141304
0.14347
0.139823
0.141477
0.143328
0.143915
0.142564
0.142857
0.142789
0.144767
0.142793
0.142483
0.142491
0.142385
0.141946
0.140412
0.141167
0.141527
0.142599
0.143611
0.142515
0.142237
0.141969
0.141485
0.140977
0.140754
0.142771
0.143868
0.142114
0.143865
0.143767
0.144137
0.143351
0.144905
0.145236
0.145441
0.145078
0.145864
0.145784
0.145941
0.145824
0.145521
0.147072
0.147214
0.147014
0.147809
0.147047
0.146956
0.146054
0.145378
0.14585
0.145061
0.145444
0.145651
0.145273
0.145057
0.145114
0.145415
0.145945
0.145782
0.146171
0.14677
0.146894
0.146678
0.146633
0.146005
0.145925
0.146239
0.146918
0.146538
0.146162
0.145878
0.146009
0.145957
0.146887
0.146788
0.146898
0.147488
0.147539
0.147332
0.146621
0.146783
0.147489
0.146714
0.146834
0.146658
0.146984
0.147039
0.147364
0.147342
0.147499
0.147397
0.146996
0.146632
0.146529
0.145562
0.14547
0.145255
0.145009
0.145562
0.1449
0.144786
0.144851
0.144851
0.145048
0.145079
0.144984
0.144855
0.144731
0.144091
0.144175
0.143795
0.143926
0.144101
0.143865
0.143814
0.143629
0.143815
0.14353
0.144063
0.143881
0.144146
0.144863
0.145161
0.144471
0.144139
0.143645
0.143736
0.143852
0.14398
0.144282
0.143871
0.143891
0.14399
0.143681
0.144041
0.14398
0.143936
0.144095
0.14424
0.144357
0.143997
0.143916
0.143947
0.143669
0.143407
0.143076
0.142918
0.142797
0.143298
0.143509
0.143223
0.143127
0.142834
0.142613
0.142672
0.142616
0.142423
0.142005
0.142428
0.142419
0.142757
0.142391
0.142349
0.142231
0.142377
0.142879
0.14263
0.142383
0.142611
0.142591
0.142528
0.142984
0.143067
0.143024
0.143023
0.143002
0.143011
0.143144
0.142898
0.14304
0.142837
0.142777
0.142617
0.142181
0.142175
0.14206
0.141975
0.141775
0.141732
0.14195
0.142328
0.142206
0.142085
0.142069
0.142148
0.142038
0.142107
0.142381
0.142588
0.142626
0.142406
0.142582
0.142848
0.142721
0.142532
0.142524
0.142508
0.142563
0.142688
0.142654
0.142769
0.142594
0.14277
0.142535
0.142406
0.142486
0.142573
0.142266
0.142004
0.141752
0.141561
0.14139
0.141413
0.141694
0.141742
0.141895
0.141809
0.141789
0.141729
0.141839
0.14203
0.142032
0.141947
0.142215
0.142434
0.14234
0.142453
0.142367
0.142723
0.142732
0.14256
0.142546
0.142477
0.142664
0.142495
0.142558
0.142521
0.142507
0.142394
0.142298
0.142307
0.14222
0.142334
0.142173
0.142301
0.142332
0.142452
0.142674
0.142821
0.142952
0.14298
0.142994
0.142944
0.143029
0.143022
0.142843
0.142722
0.142723
0.142582
0.142611
0.142829
0.143039
0.143052
0.143017
0.142885
0.142678
0.142782
0.14309
0.142953
0.142966
0.142952
0.142769
0.142884
0.142931
0.142917
0.14305
0.143003
0.143129
0.143095
0.143121
0.143257
0.143217
0.14317
0.143325
0.143201
0.143329
0.143173
0.142992
0.143081
0.143214
0.143207
0.142851
0.142876
0.143052
0.143165
0.142964
0.142976
0.142758
0.142814
0.142808
0.142851
0.142919
0.143121
0.142979
0.143022
0.142997
0.142827
0.142893
0.142863
0.142899
0.142773
0.14272
0.142815
0.142649
0.142477
0.142485
0.142604
0.142593
0.14281
0.142717
0.142741
0.142659
0.142788
0.143019
0.142932
0.142989
0.143184
0.143178
0.143154
0.143324
0.143345
0.143586
0.143641
0.143622
0.143692
0.143785
0.143789
0.143747
0.143767
0.14387
0.143922
0.144046
0.144027
0.144013
0.143976
0.143919
0.143802
0.143815
0.143759
0.143837
0.143803
0.14372
0.144001
0.143961
0.143867
0.143854
0.143873
0.143891
0.143968
0.144033
0.144218
0.144158
0.144269
0.144198
0.144189
0.144077
0.14427
0.144076
0.143899
0.143906
0.143842
0.143901
0.144072
0.144322
0.144227
0.144118
0.144206
0.144163
0.144185
0.144267
0.144233
0.14421
0.144302
0.144448
0.144439
0.14443
0.144432
0.144423
0.144375
0.144323
0.144218
0.144312
0.144284
0.14414
0.144393
0.144659
0.144669
0.144602
0.144875
0.145056
0.145118
0.145123
0.145124
0.145048
0.145066
0.145137
0.145102
0.144995
0.145113
0.145179
0.145104
0.144987
0.145062
0.145084
0.145305
0.145475
0.145461
0.145401
0.145313
0.145309
0.145267
0.145193
0.145084
0.145089
0.145146
0.145028
0.144925
0.144961
0.145074
0.145001
0.144907
0.144773
0.144707
0.144645
0.144757
0.144735
0.144828
0.144849
0.14492
0.144943
0.145022
0.144951
0.145065
0.144974
0.144922
0.145005
0.144984
0.145001
0.14497
0.144958
0.144944
0.144991
0.145145
0.145221
0.145047
0.144864
0.145054
0.145126
0.145084
0.144999
0.144877
0.144789
0.144661
0.14462
0.144591
0.144645
0.144555
0.144498
0.144412
0.14419
0.144257
0.144193
0.144104
0.144138
0.144254
0.144415
0.144457
0.144441
0.144422
0.144326
0.144367
0.144356
0.144401
0.144599
0.144608
0.14456
0.144469
0.144538
0.144606
0.144552
0.144742
0.144667
0.144655
0.144527
0.144492
0.14445
0.144545
0.144475
0.14459
0.144544
0.144611
0.144624
0.144778
0.144787
0.144837
0.144995
0.14486
0.144865
0.144915
0.14475
0.144751
0.144778
0.144752
0.14465
0.14462
0.144658
0.144667
0.144652
0.144543
0.144494
0.144393
0.144309
0.144321
0.144348
0.144427
0.144555
0.144674
0.144697
0.144627
0.144586
0.144645
0.14462
0.144716
0.144778
0.144775
0.144793
0.144804
0.144989
0.144939
0.144895
0.144812
0.14473
0.144701
0.144709
0.144626
0.144501
0.144598
0.144602
0.144456
0.144361
0.144334
0.144257
0.144293
0.144418
0.14439
0.144539
0.144453
0.144482
0.144471
0.144427
0.144309
0.144334
0.144378
0.144409
0.144462
0.144446
0.144342
0.144312
0.144293
0.144276
0.144267
0.144231
0.144296
0.144174
0.144179
0.144126
0.144042
0.14396
0.144127
0.144128
0.144119
0.144158
0.144106
0.144234
0.144206
0.144214
0.144151
0.144072
0.14414
0.144052
0.144073
0.144051
0.144089
0.144025
0.144033
0.14409
0.144108
0.144063
0.144021
0.143987
0.14389
0.143918
0.143896
0.143788
0.143669
0.143574
0.143547
0.143624
0.143626
0.143754
0.143817
0.143837
0.143794
0.143777
0.14375
0.143764
0.143725
0.143672
0.143563
0.143556
0.143494
0.143481
0.143565
0.143536
0.143547
0.143581
0.143586
0.143547
0.143477
0.143429
0.143416
0.143346
0.143262
0.143196
0.143205
0.143133
0.143247
0.143169
0.143304
0.143263
0.143312
0.143284
0.143387
0.143371
0.143425
0.143391
0.143329
0.143362
0.143331
0.143272
0.143269
0.143335
0.143286
0.143213
0.143285
0.143281
0.143199
0.143172
0.143061
0.142983
0.142866
0.142771
0.142848
0.142881
0.142887
0.142887
0.142836
0.142828
0.142813
0.14289
0.142869
0.14298
0.142936
0.142983
0.142971
0.142968
0.142965
0.142921
0.14297
0.142979
0.142921
0.142947
0.142912
0.142944
0.143007
0.142987
0.143018
0.142995
0.143032
0.143046
0.143034
0.142988
0.143019
0.142962
0.142903
0.142877
0.14288
0.142815
0.14288
0.142787
0.14273
0.142641
0.1427
0.142697
0.142669
0.142756
0.142703
0.142698
0.142684
0.142776
0.142818
0.142874
0.142888
0.142901
0.142957
0.143003
0.143045
0.142937
0.142973
0.142989
0.142945
0.142917
0.142879
0.142925
0.142961
0.143002
0.142952
0.142911
0.142887
0.142963
0.142995
0.142973
0.142992
0.143035
0.143107
0.143064
0.143061
0.143077
0.14313
0.143095
0.143161
0.143169
0.143137
0.143091
0.143072
0.143167
0.143164
0.143262
0.143172
0.143163
0.143137
0.143089
0.143081
0.143107
0.143004
0.142965
0.142907
0.142883
0.142888
0.142907
0.142904
0.142922
0.14292
0.142865
0.14288
0.143002
0.142976
0.142953
0.142847
0.142862
0.142844
0.142785
0.142803
0.142814
0.14287
0.142865
0.142837
0.142776
0.142773
0.142778
0.14273
0.142723
0.142832
0.142865
0.142764
0.142721
0.142708
0.142673
0.142603
0.142679
0.142641
0.142606
0.142569
0.142549
0.142427
0.142421
0.142386
0.142349
0.142347
0.142261
0.14223
0.142282
0.142278
0.142314
0.142383
0.14245
0.142471
0.142444
0.142476
0.14258
0.1426
0.1426
0.142608
0.142584
0.142555
0.142479
0.142492
0.142458
0.142422
0.142401
0.142455
0.142441
0.142468
0.142447
0.142483
0.142517
0.142578
0.142581
0.142646
0.142629
0.142637
0.142663
0.142611
0.142618
0.142612
0.142564
0.14255
0.142522
0.142644
0.142584
0.142511
0.142531
0.142602
0.142576
0.14256
0.142622
0.14265
0.142601
0.14258
0.14259
0.142534
0.142553
0.142518
0.142605
0.142638
0.142615
0.142697
0.14269
0.142667
0.142651
0.142658
0.142702
0.142728
0.142813
0.142846
0.142885
0.142887
0.142795
0.142894
0.142926
0.142862
0.142859
0.142846
0.14293
0.142878
0.142903
0.142921
0.142864
0.142832
0.142773
0.14276
0.142778
0.142778
0.142758
0.14279
0.142774
0.142792
0.142711
0.142617
0.142602
0.142582
0.14262
0.142645
0.142779
0.142864
0.142844
0.142844
0.142864
0.142822
0.142782
0.142833
0.142842
0.142884
0.142915
0.142873
0.142791
0.1428
0.142793
0.142815
0.142802
0.142776
0.142822
0.14282
0.142859
0.142993
0.142979
0.143036
0.142983
0.142957
0.142914
0.143007
0.143044
0.143076
0.143073
0.143023
0.143082
0.143055
0.143066
0.143105
0.143031
0.142988
0.142915
0.142936
0.142979
0.142947
0.14294
0.143009
0.143002
0.142989
0.142983
0.142953
0.142919
0.142938
0.142933
0.142969
0.143031
0.14294
0.142908
0.14287
0.142872
0.142838
0.142807
0.142874
0.142801
0.142813
0.142784
0.142824
0.142782
0.142815
0.142822
0.142788
0.14278
0.142726
0.142712
0.1427
0.142721
0.14275
0.142826
0.142888
0.142861
0.142884
0.142921
0.142935
