0
0.278846
0.20524
0.191045
0.173719
0.172906
0.175758
0.166884
0.163657
0.159274
0.162409
0.163934
0.161184
0.158631
0.15493
0.156053
0.157326
0.155184
0.151797
0.152187
0.149458
0.151036
0.150262
0.151362
0.150564
0.148148
0.14808
0.147887
0.148291
0.148056
0.148283
0.14758
0.147228
0.146122
0.146145
0.146071
0.145695
0.14673
0.146777
0.146404
0.147096
0.146868
0.146908
0.145815
0.146794
0.146397
0.147207
0.147864
0.148387
0.147485
0.146172
0.144847
0.144917
0.145512
0.145538
0.146174
0.145624
0.145809
0.146706
0.147801
0.148628
0.147509
0.145709
0.145401
0.145571
0.146232
0.146508
0.146802
0.147168
0.147582
0.147143
0.147225
0.147651
0.147281
0.146319
0.145298
0.144662
0.144136
0.1437
0.143545
0.143367
0.142449
0.142643
0.141704
0.141509
0.141135
0.140178
0.140252
0.139988
0.139768
0.139403
0.139331
0.139716
0.138942
0.139248
0.139427
0.139773
0.139502
0.139839
0.140067
0.139917
