0
0.245283
0.176471
0.155172
0.148472
0.163823
0.172702
0.173171
0.167728
0.151119
0.144054
0.139683
0.144796
0.137394
0.136605
0.132743
0.131579
0.135011
0.134721
0.135394
0.133883
0.13247
0.128599
0.12939
0.127793
0.126407
0.125209
0.123887
0.122257
0.123961
0.124088
0.124733
0.125523
0.124829
0.124667
0.124592
0.125158
0.123993
0.124242
0.12597
0.126248
0.124928
0.125984
0.125345
0.126151
0.125067
0.124607
0.126911
0.126557
0.127701
0.126754
0.126066
0.126458
0.125344
0.125735
0.12656
0.126036
0.125964
0.125632
0.127589
0.127912
0.128029
0.127549
0.128498
0.129257
0.128352
0.129958
0.130921
0.130979
0.130624
0.130637
0.130404
0.130618
0.130374
0.131299
0.130787
0.132107
0.132805
0.131897
0.131545
0.131268
0.13123
0.131382
0.130221
0.130594
0.13054
0.130874
0.131649
0.130662
0.130109
0.130868
0.131942
0.132402
0.132227
0.132785
0.132844
0.133297
0.132833
0.135049
0.135696
0.135536
