3.179685774512495011e-09 -7.835963060005899372e+00 1.824885379152282050e-01
6.359371549024990021e-09 -6.830614183501753089e+00 1.721580218856619271e-01
9.539057323537485859e-09 -6.464790304840605017e+00 1.556490452132339719e-01
1.271874309804998004e-08 -6.345146034514624667e+00 1.717628956275065455e-01
1.589842887256247588e-08 -5.752653959051634125e+00 1.839264035751244919e-01
1.907811464707497172e-08 -5.732043300985957046e+00 1.744078972475591183e-01
2.225780042158746756e-08 -5.973531691875011873e+00 1.828594770250785151e-01
2.543748619609996009e-08 -5.938647808512644843e+00 1.866304915556556143e-01
2.861717197061245592e-08 -5.326339733399481524e+00 1.682407379943128001e-01
3.179685774512495176e-08 -5.362624325403404946e+00 1.677385614650303280e-01
3.497654351963744760e-08 -5.674142159683873921e+00 1.909905773948452068e-01
3.815622929414994344e-08 -5.719171388279116641e+00 2.035701259639537131e-01
4.133591506866243928e-08 -5.229035337397712979e+00 1.667399649356320068e-01
4.451560084317493511e-08 -5.696014752190810881e+00 2.482074125044028134e-01
4.769528661768743095e-08 -5.549005083865766963e+00 2.256936482755803886e-01
5.087497239219992017e-08 -5.358311623769159482e+00 2.439050830974790196e-01
5.405465816671241601e-08 -6.588182502566422905e+00 2.474732903766683645e+00
5.723434394122491185e-08 -5.270837404886930422e+00 2.457015286846527813e-01
6.041402971573741430e-08 -6.017227673004092559e+00 2.163257486869357926e+00
6.359371549024990352e-08 -8.626758261630545377e+00 3.891388501238298936e+00
6.677340126476240598e-08 -6.576775760972013884e+00 3.172393810934369451e+00
6.995308703927489520e-08 -1.140139436346003698e+01 3.717558885152263404e+00
7.313277281378738442e-08 -1.121731517469432227e+01 3.887495165652155915e+00
7.631245858829988688e-08 -1.197774648238354622e+01 3.565904344478666221e+00
7.949214436281237610e-08 -1.012682195636057791e+01 4.057023298560134883e+00
8.267183013732487855e-08 -1.001919853091182588e+01 4.307159784098946176e+00
8.585151591183736777e-08 -1.127776974392785014e+01 3.458449249902149969e+00
8.903120168634987023e-08 -1.070936374328978680e+01 4.210062574679812819e+00
9.221088746086235945e-08 -7.933158900634807331e+00 4.116154023519881910e+00
9.539057323537486190e-08 -1.093990624319941496e+01 4.069071715861429794e+00
