3.179684577471470640e-09 -9.007371793229834722e+00 2.815608925587606004e-01
6.359369154942941280e-09 -8.781777254518141618e+00 3.831960684902955827e-01
9.539053732414413160e-09 -8.073745854468780792e+00 2.727971864224556509e-01
1.271873830988588256e-08 -7.539396238896085123e+00 2.692289130608243042e-01
1.589842288735735361e-08 -7.687376783485722953e+00 3.084790677041759355e-01
1.907810746482882632e-08 -1.095785958221189738e+01 3.734115795784270997e+00
2.225779204230029572e-08 -1.270888334233877970e+01 3.129238609420402994e+00
2.543747661977176512e-08 -8.077509496423154189e+00 2.732615463646907550e+00
2.861716119724323783e-08 -1.167719644970867954e+01 3.428050021376156220e+00
3.179684577471470722e-08 -9.244947358335458887e+00 5.057726320465919301e+00
3.497653035218617993e-08 -1.142421034311010608e+01 3.806231065128976354e+00
3.815621492965765264e-08 -1.184951404984308354e+01 3.593236685697738242e+00
4.133589950712911873e-08 -1.229900333364523846e+01 3.512872770127591693e+00
4.451558408460059144e-08 -1.203054886196978401e+01 3.475478134877363789e+00
4.769526866207206415e-08 -1.176882914602789221e+01 3.291182213767964715e+00
5.087495323954353024e-08 -1.186532129559564019e+01 3.881027090510794419e+00
5.405463781701500294e-08 -1.196166618544330618e+01 3.715213272868794103e+00
5.723432239448647565e-08 -1.225462724175178941e+01 3.362900520491861833e+00
6.041400697195794174e-08 -1.208366229215406662e+01 3.603787327846721844e+00
6.359369154942941445e-08 -1.066183315933002262e+01 4.012868031437440308e+00
6.677337612690088716e-08 -1.185371579891710780e+01 3.689309634458950438e+00
6.995306070437235987e-08 -9.884836461308076139e+00 4.059046800225579510e+00
7.313274528184383257e-08 -1.151163246188468747e+01 3.863650624339479034e+00
7.631242985931530528e-08 -1.148763587480351411e+01 3.650296016824701617e+00
7.949211443678676475e-08 -1.214915826209988481e+01 3.966815781788858075e+00
8.267179901425823746e-08 -1.144115815761258048e+01 3.956230768878750137e+00
8.585148359172971017e-08 -1.146520756045963729e+01 4.126521069296466671e+00
8.903116816920118288e-08 -5.965133396003903243e+00 3.872521267663715516e+00
9.221085274667265558e-08 -1.075699299611250659e+01 3.933959874316494520e+00
9.539053732414412829e-08 -1.057108769773763868e+01 4.535237266971163805e+00
