3.179685774512533888e-09 -7.755079939914335085e+00 2.252296100883684760e-01
6.359371549025067776e-09 -6.888135018504865315e+00 1.599068324509124728e-01
9.539057323537601665e-09 -6.269634818078463567e+00 1.722916559308516615e-01
1.271874309805013555e-08 -6.120552219127421090e+00 1.655650163519389872e-01
1.589842887256266779e-08 -5.852251557073221200e+00 1.895585835342558367e-01
1.907811464707520333e-08 -5.862542960289154337e+00 1.646818443306364566e-01
2.225780042158773556e-08 -5.746453212904770957e+00 1.685452330774696306e-01
2.543748619610027111e-08 -5.564328148316653788e+00 1.662772583524139980e-01
2.861717197061280334e-08 -5.546033033036303017e+00 1.529526183426714314e-01
3.179685774512533557e-08 -5.388215298278000276e+00 1.604952108091367291e-01
3.497654351963787112e-08 -5.279923078048330609e+00 1.870719090151697073e-01
3.815622929415040666e-08 -5.520801083184975866e+00 2.266719826021753870e-01
4.133591506866294220e-08 -5.481053858691264047e+00 2.013097776150299112e-01
4.451560084317547113e-08 -5.460561554451032862e+00 2.436079303006118690e-01
4.769528661768800667e-08 -5.314475800289356400e+00 1.730751181421501528e-01
5.087497239220054221e-08 -1.113205026360533445e+01 3.614931096481731831e+00
5.405465816671307114e-08 -6.011861116238980784e+00 1.902922374597550315e+00
5.723434394122560668e-08 -7.558885656866274338e+00 3.724642750880604147e+00
6.041402971573814222e-08 -6.796878996102015513e+00 3.383258310051821205e+00
6.359371549025067115e-08 -1.165473414633641980e+01 3.605093115935497305e+00
6.677340126476321331e-08 -1.047295211854498298e+01 4.155098727165875694e+00
6.995308703927574223e-08 -5.871998087593910398e+00 2.717540192017331435e+00
7.313277281378827116e-08 -1.162508866923643147e+01 3.649671808598117018e+00
7.631245858830081332e-08 -7.583561152650374559e+00 3.802750054109137245e+00
7.949214436281334224e-08 -9.718307585789355940e+00 4.259151042447841817e+00
8.267183013732588440e-08 -1.126805461775338202e+01 3.782261479155111683e+00
8.585151591183841333e-08 -1.215578934647060194e+01 3.852075334786497773e+00
8.903120168635094225e-08 -1.175233358671903972e+01 3.546023426086139185e+00
9.221088746086348441e-08 -8.802415917291549263e+00 3.879130577665052648e+00
9.539057323537601334e-08 -1.160649787040331304e+01 3.902195446928686806e+00
