3.179685774512504937e-09 -7.763240082965792155e+00 1.999506393343830901e-01
6.359371549025009874e-09 -7.413491794761409182e+00 1.718768191649421573e-01
9.539057323537513984e-09 -6.390726101515463498e+00 1.833705127125289658e-01
1.271874309805001975e-08 -6.541621489927908151e+00 1.972774826939449055e-01
1.589842887256252551e-08 -6.567096462204191631e+00 1.810681284360381726e-01
1.907811464707502797e-08 -5.873304050334490434e+00 1.711714100429902186e-01
2.225780042158753373e-08 -5.860857826944939397e+00 1.673613572224179891e-01
2.543748619610003950e-08 -5.494465878436214368e+00 1.763843930178852770e-01
2.861717197061254526e-08 -5.202668185014929669e+00 1.949131636438793391e-01
3.179685774512505102e-08 -5.551180450255762899e+00 1.813877199864922518e-01
3.497654351963755348e-08 -5.398143662464391035e+00 1.991926409793983443e-01
3.815622929415005593e-08 -5.734683809305868074e+00 1.957053424366344552e-01
4.133591506866256501e-08 -5.242929972647017323e+00 1.683923039038858205e-01
4.451560084317506746e-08 -5.671046742791468809e+00 2.631357810199130842e-01
4.769528661768756992e-08 -5.412103494279397964e+00 1.814920358597416628e-01
5.087497239220007899e-08 -1.215069111158879167e+01 3.535589033408375936e+00
5.405465816671258145e-08 -5.313163002447452321e+00 2.555506236675633702e-01
5.723434394122509052e-08 -1.137678537322452854e+01 3.630389730673504012e+00
6.041402971573758636e-08 -1.221691327546171912e+01 3.569236574965203967e+00
6.359371549025010205e-08 -5.229104324691355110e+00 1.033640862024340468e+00
6.677340126476260450e-08 -1.030226609646643254e+01 4.094322246970959256e+00
6.995308703927510696e-08 -9.051574165571945940e+00 4.323317963021132471e+00
7.313277281378760941e-08 -1.106382383330098307e+01 3.872905916426130357e+00
7.631245858830011187e-08 -1.019410338888723544e+01 4.250568269837785351e+00
7.949214436281262756e-08 -1.133843114158562138e+01 3.698319715486259707e+00
8.267183013732513001e-08 -1.198964023532917444e+01 3.785860258269906797e+00
8.585151591183763247e-08 -1.089021006867627683e+01 3.660557082660948147e+00
8.903120168635013492e-08 -1.104663367361513870e+01 3.790135096651956470e+00
9.221088746086263738e-08 -1.102702144325976441e+01 3.709141546130855449e+00
9.539057323537513984e-08 -1.107697728820922300e+01 4.256874072905481476e+00
